TFIT: 0.592879 0.00160289
TMSE: 0.343135 0.00164432
TACD: 0.592879 0.00160289
TCD: 0.593124 0.00160193
VFIT: 0.589956 0.0145547
VMSE: 0.344719 0.0081226
VACD: 0.589956 0.0145547
VCD: 0.592419 0.0144673
GFIT: 0.594473 0.00715914
GMSE: 0.338052 0.00497215
GACD: 0.594473 0.00715914
GCD: 0.596909 0.00711614
COMPLEXITY: 7 0
TERMS: 4 0
TIME: 0.8425 0.018983
