TMSE: 0.390366 0.0424987
VMSE: 0.389539 0.0411161
GMSE: 0.391309 0.0439596
TIME: 1.0501 0.0306658
